alessandro  14.00  1.00  1.00  0.00  1.00  1.00  1.00  1.00  1.00  1.00  0.00  6.00
cylia       11.00  1.00  1.00  1.00  0.00  1.00  1.00  0.00  1.00  1.00  0.00  4.00
dian        9.00   1.00  1.00  1.00  0.00  1.00  1.00  1.00  1.00  0.00  0.00  2.00
elisa       13.00  1.00  1.00  0.00  1.00  0.00  1.00  1.00  1.00  1.00  0.00  6.00
fabiana     15.00  1.00  1.00  1.00  1.00  1.00  1.00  1.00  1.00  1.00  0.00  6.00
ken         13.00  1.00  1.00  0.00  1.00  1.00  1.00  1.00  1.00  1.00  1.00  4.00
lukas       19.00  1.00  1.00  0.00  1.00  1.00  1.00  1.00  1.00  1.00  1.00  10.00
ouali       13.00  1.00  1.00  1.00  1.00  1.00  1.00  0.00  1.00  1.00  1.00  4.00
taj         15.00  1.00  1.00  1.00  1.00  1.00  1.00  1.00  1.00  1.00  0.00  6.00
victor      15.00  1.00  1.00  0.00  1.00  1.00  1.00  1.00  1.00  1.00  1.00  6.00
viviana     15.00  1.00  1.00  1.00  1.00  1.00  1.00  1.00  1.00  1.00  0.00  6.00
yani        16.00  1.00  1.00  0.00  0.00  0.00  1.00  1.00  1.00  1.00  0.00  10.00
(MIN)       9.00   1.00  1.00  0.00  0.00  0.00  1.00  0.00  1.00  0.00  0.00  2.00
(AVERAGE)   14.00  1.00  1.00  0.55  0.73  0.82  1.00  0.82  1.00  0.91  0.36  5.82
(MEDIAN)    15.00  1.00  1.00  1.00  1.00  1.00  1.00  1.00  1.00  1.00  0.00  6.00
(MAX)       19.00  1.00  1.00  1.00  1.00  1.00  1.00  1.00  1.00  1.00  1.00  10.00
